-2.603225616588163316e+00 -2.364741102321841648e+00 8.530169693407039233e+00 1.488571549255988780e+00 1.431772413492168461e+01 -3.155758573380821885e-01 1.012895155054574614e+00 -4.282432918167013436e-01 -3.964061404076935968e+00 5.130882055032458311e+00 2.031282398552287649e+00 -3.304782217952393353e+00
-6.237298649160750941e+00 3.712326052105481011e+01 -1.854206245020404253e+01 1.345303098769426420e+01 2.389897311532453994e+00 1.529073826408326210e-02 5.166450888052088075e+00 -3.496387285889116292e+00 -3.659657310403414132e-01 -1.296663582066172937e+00 8.377874805697130833e-01 -1.279383726856899058e-02
2.173177300381125665e+00 6.687325429095135831e+00 9.568531749328856861e+00 -5.469269582672182217e+00 -6.701125916015603146e+00 -1.188212408522839159e+00 1.994081418434174580e-01 2.384432439388589398e+00 8.068671392198707437e+00 1.138099826313629048e+00 5.296945447507781957e+00 5.806619000501267447e-01
5.682222631047459949e+00 7.504506834731667908e+00 1.101412697172872512e+01 -1.609542080976456546e+01 -2.380253816507051035e+00 -3.077469978624588265e+00 4.648442536994741303e+00 -8.703131064498574432e+00 1.978950910344849268e+00 -1.888617931674887451e+00 1.122437200435603799e+00 -1.553874726452632915e+00
-3.967755155394614430e+00 -6.774731089147014274e+00 3.359108688727949765e+00 2.347865109957358865e+00 -7.249623557701546872e+00 -1.998162852882432450e+00 1.835752652118682704e+01 9.816890466928986925e+00 -2.274201731235663715e+00 -1.134451107552327809e+00 -3.699813954015090278e+00 -2.459361117042234035e+00
-1.651078117273210299e+00 4.212701120995259174e+00 9.713426927663898480e-01 -6.892287201909004679e+00 1.295644893376935558e+00 -1.432122321307685020e+00 -1.914312926978070539e+00 4.523545296484521749e+00 -1.464355911469280846e-01 -1.149825369272371889e+00 -1.436325641022779154e+00 6.130719232774466398e+00
-6.187310064654311104e-01 6.129556407377293681e+00 5.243790821412924075e+00 -1.621897363797428682e+01 7.724394658708891193e+00 -3.797116795499348996e+00 2.686156712329505480e-01 -4.796706446306001403e+00 -4.718235034738275324e+00 -4.340620331783243024e+00 -5.470558672013201118e+00 -5.575534237758547063e-01
1.586714159734939855e+01 2.156391822545961734e+00 2.805957522110740143e+01 1.988212597591173747e+01 -4.917994408459375855e+00 -8.549277902313594524e+00 -6.513845916486761034e+00 -2.265752382219467176e+00 -3.029083843243250751e+00 -2.421979267369283484e+00 -1.643080573267824862e+00 6.237092284337285297e-02
-4.383598127728595806e+00 1.667641848116597991e+00 -2.125482354505952021e+00 -3.754225140746127565e+00 -7.381374627977978164e+00 7.340141470294234693e+00 -7.306049872154576796e+00 6.585863423022603413e+00 -3.752111533771846030e+00 -5.147999454479151638e+00 4.955074763007564442e+00 -6.945516401969642928e+00
-8.997816547428183043e+00 -1.335776576578188646e+01 -4.076544345553157811e+00 6.083397511206428909e+00 2.504135326889311841e+00 6.821071573747693684e+00 -5.083940217563392983e-01 -2.788709631790351029e+00 1.426555469547539312e+00 -3.199325748161327532e+00 -3.053700513635782876e+00 -2.958215146500743978e-02
-1.027218589765885426e+01 -1.079688223084882992e+01 -2.365696781461497533e+00 3.526650424506670767e+00 1.194705457030426921e+01 -8.392103275907131232e-01 -2.512299988373149162e+00 -2.709563260967855491e+00 3.792799750679650472e+00 6.276174907252638491e-01 2.590230177261695577e+00 -1.538586312932155531e+00
-3.423227552600102364e+00 1.136056465507284230e+01 -5.629224084241523096e-01 -3.757405391616616352e+00 5.518562609972070376e+00 1.013943619856177092e+00 -1.082645292513171498e+01 1.164915697656961058e+01 2.245286330112133300e+00 2.837210078851735595e+00 -5.536283193119924562e+00 -6.637740443091435516e-01
-9.788258030393947706e+00 -7.761863316013728920e+00 -4.369227300065756658e+00 -5.107022638834379791e-01 2.911090629228342497e+00 -5.772682378902750600e+00 6.077576830749858994e-01 3.733170046572420020e+00 -7.944051931074441519e+00 -2.330371949437354928e+00 7.471720918087369157e+00 7.021549506086270043e+00
-9.053121608656784503e+00 -9.087496707616406155e+00 -7.924681829080179263e+00 2.223433657030806199e+00 -1.892748524601478355e+00 -3.500653497524331303e+00 -1.047404195865905052e+00 -3.798542357115971768e+00 4.292255647000129848e+00 -3.081498110039887717e+00 3.410159867842884829e+00 -2.587484651568274785e+00
5.457495638572909513e+01 -7.421655556189460157e+00 -1.864869666568005258e+01 -4.620468221122375208e-01 3.323253509154787899e+00 4.682690710171454884e-01 6.364651219393739900e-01 1.129978572795365066e+00 6.395788248699049716e-02 -2.808528072145272114e-01 4.348170620309030343e-01 -1.730726602138334125e-01
4.031264413919589451e+00 3.238386639679442958e+00 1.046073897721803725e+01 -5.922407196826556808e-01 1.086453778615192878e-01 2.507486371404420211e+00 4.404547842213958120e+00 1.736822646668700454e+00 4.608783624132430035e+00 7.691160806524792726e+00 2.993572453699780755e+00 1.495968726192693277e+00
5.472180804920869779e-01 -7.617606809241962429e-01 4.662780161708880655e+00 4.925991001830584692e-01 -5.988639663238864763e+00 2.205436965948122108e+01 -1.505266922046322731e-01 -5.717931247442933795e+00 -5.662423855355733338e+00 3.719702403653883938e+00 -7.208203640109414057e-01 2.152200154915617780e+00
-9.303729749383945702e+00 -6.699386124870492232e+00 -1.550777247955574722e+01 -1.853201789230995766e+00 -1.108662370123460938e+01 -1.214144591717959898e+01 -3.720525187704225800e+00 -4.287046260408607701e+00 -4.536580391922361954e+00 8.929093813387764200e+00 -2.517045866683328192e+00 -2.107980362461377322e+00
-4.610089867061248015e+00 -4.506597677742846031e+00 -7.024181987953724615e+00 -2.739913679583695916e-01 -1.116170463790918888e+01 2.724501385432259171e-01 -4.530313460717934504e+00 -2.132379694829913408e+00 4.899529721563558482e+00 -2.369555606229581723e+00 -3.261516309871461683e+00 3.822527014422226088e+00
-7.965864483124907913e+00 -1.054745502721222650e+01 -7.228963749219491364e-01 6.382090411804097307e+00 6.719685831695431766e+00 2.118907595077811123e+00 3.728015625780429332e+00 -4.354669451452802820e-01 5.016360319539773016e+00 -1.432005209209431529e+00 -3.804882681355258534e+00 6.683644501263518167e-01
-5.880239949970369482e-16 -2.201040602295628480e-15 3.530345299952278968e-15 -4.475848811311351057e-16 -9.077295380159670424e-16 -9.119534778378591889e-16 -1.975708481421742502e-15 -7.482563172670578814e-16 -1.305485137542061597e-15 -3.169746585094295214e-16 -6.067760004308033512e-16 1.187218295531037992e-15
