2.603225616588162428e+00 2.364741102321462396e+00 8.530169693407124498e+00 -1.488571549255913506e+00 1.431772413492166152e+01 3.155758573381740595e-01 -1.012895155054581942e+00 -4.282432918166912961e-01 -3.964061404076951511e+00 -5.130882055032503608e+00 2.031282398552215263e+00 3.304782217952409340e+00
6.237298649160728736e+00 -3.712326052105406404e+01 -1.854206245020564481e+01 -1.345303098769422157e+01 2.389897311532480639e+00 -1.529073826405228688e-02 -5.166450888052099621e+00 -3.496387285889108743e+00 -3.659657310403502395e-01 1.296663582066167386e+00 8.377874805697204108e-01 1.279383726857098377e-02
-2.173177300381128774e+00 -6.687325429095563933e+00 9.568531749328567315e+00 5.469269582672176888e+00 -6.701125916015612916e+00 1.188212408522805852e+00 -1.994081418434202335e-01 2.384432439388563196e+00 8.068671392198700332e+00 -1.138099826313702989e+00 5.296945447507797944e+00 -5.806619000501237471e-01
-5.682222631047459949e+00 -7.504506834732144860e+00 1.101412697172840893e+01 1.609542080976460454e+01 -2.380253816507126530e+00 3.077469978624586489e+00 -4.648442536994732421e+00 -8.703131064498595748e+00 1.978950910344831282e+00 1.888617931674882344e+00 1.122437200435635107e+00 1.553874726452611377e+00
3.967755155394621980e+00 6.774731089146878382e+00 3.359108688728239311e+00 -2.347865109957386398e+00 -7.249623557701525556e+00 1.998162852882467755e+00 -1.835752652118679151e+01 9.816890466929022452e+00 -2.274201731235641066e+00 1.134451107552368221e+00 -3.699813954015103157e+00 2.459361117042228706e+00
1.651078117273212076e+00 -4.212701120995288484e+00 9.713426927662054400e-01 6.892287201909022443e+00 1.295644893376903806e+00 1.432122321307678359e+00 1.914312926978087859e+00 4.523545296484533296e+00 -1.464355911469147897e-01 1.149825369272403419e+00 -1.436325641022730748e+00 -6.130719232774437089e+00
6.187310064654293340e-01 -6.129556407377513949e+00 5.243790821412669168e+00 1.621897363797435787e+01 7.724394658708785499e+00 3.797116795499381858e+00 -2.686156712329182406e-01 -4.796706446305980975e+00 -4.718235034738277989e+00 4.340620331783317631e+00 -5.470558672013195789e+00 5.575534237758542622e-01
-1.586714159734933816e+01 -2.156391822547239379e+00 2.805957522110733038e+01 -1.988212597591180142e+01 -4.917994408459345657e+00 8.549277902313551891e+00 6.513845916486778798e+00 -2.265752382219457850e+00 -3.029083843243237428e+00 2.421979267369309241e+00 -1.643080573267806210e+00 -6.237092284337385911e-02
4.383598127728587812e+00 -1.667641848116493186e+00 -2.125482354506027960e+00 3.754225140746089373e+00 -7.381374627977939973e+00 -7.340141470294309300e+00 7.306049872154574132e+00 6.585863423022609631e+00 -3.752111533771830487e+00 5.147999454479096570e+00 4.955074763007580430e+00 6.945516401969664244e+00
8.997816547428186595e+00 1.335776576578209074e+01 -4.076544345552588489e+00 -6.083397511206449337e+00 2.504135326889375790e+00 -6.821071573747679473e+00 5.083940217563210906e-01 -2.788709631790360799e+00 1.426555469547533983e+00 3.199325748161352401e+00 -3.053700513635739799e+00 2.958215146496719419e-02
1.027218589765883650e+01 1.079688223084895426e+01 -2.365696781461047227e+00 -3.526650424506638792e+00 1.194705457030427098e+01 8.392103275907725202e-01 2.512299988373150050e+00 -2.709563260967879028e+00 3.792799750679634485e+00 -6.276174907253118107e-01 2.590230177261684918e+00 1.538586312932176181e+00
3.423227552600097034e+00 -1.136056465507282454e+01 -5.629224084246421400e-01 3.757405391616653212e+00 5.518562609972064159e+00 -1.013943619856190859e+00 1.082645292513172031e+01 1.164915697656958393e+01 2.245286330112177708e+00 -2.837210078851696071e+00 -5.536283193119942325e+00 6.637740443091061371e-01
9.788258030393926390e+00 7.761863316013935865e+00 -4.369227300065425368e+00 5.107022638834343153e-01 2.911090629228294979e+00 5.772682378902778133e+00 -6.077576830749592540e-01 3.733170046572431566e+00 -7.944051931074449513e+00 2.330371949437290091e+00 7.471720918087434882e+00 -7.021549506086258496e+00
9.053121608656775621e+00 9.087496707616777414e+00 -7.924681829079800011e+00 -2.223433657030836841e+00 -1.892748524601482352e+00 3.500653497524315760e+00 1.047404195865903720e+00 -3.798542357115991308e+00 4.292255647000120966e+00 3.081498110039837535e+00 3.410159867842902592e+00 2.587484651568330740e+00
-5.457495638572905250e+01 7.421655556190296821e+00 -1.864869666567972217e+01 4.620468221122220887e-01 3.323253509154800778e+00 -4.682690710171198978e-01 -6.364651219393705484e-01 1.129978572795360181e+00 6.395788248698472400e-02 2.808528072145148879e-01 4.348170620309037004e-01 1.730726602138357717e-01
-4.031264413919574352e+00 -3.238386639679907475e+00 1.046073897721789514e+01 5.922407196826696696e-01 1.086453778615271426e-01 -2.507486371404410441e+00 -4.404547842213974107e+00 1.736822646668680692e+00 4.608783624132415824e+00 -7.691160806524847793e+00 2.993572453699711478e+00 -1.495968726192682396e+00
-5.472180804920847574e-01 7.617606809239971799e-01 4.662780161708913518e+00 -4.925991001831132587e-01 -5.988639663238732425e+00 -2.205436965948124595e+01 1.505266922045671585e-01 -5.717931247442916032e+00 -5.662423855355757318e+00 -3.719702403653877276e+00 -7.208203640109847044e-01 -2.152200154915616892e+00
9.303729749383931491e+00 6.699386124871180570e+00 -1.550777247955545590e+01 1.853201789230925156e+00 -1.108662370123467866e+01 1.214144591717954746e+01 3.720525187704258219e+00 -4.287046260408592602e+00 -4.536580391922375277e+00 -8.929093813387744660e+00 -2.517045866683435662e+00 2.107980362461343571e+00
4.610089867061244462e+00 4.506597677743176433e+00 -7.024181987953545203e+00 2.739913679583036998e-01 -1.116170463790916045e+01 -2.724501385433125700e-01 4.530313460717922958e+00 -2.132379694829927619e+00 4.899529721563584239e+00 2.369555606229623912e+00 -3.261516309871431929e+00 -3.822527014422214986e+00
7.965864483124904361e+00 1.054745502721226558e+01 -7.228963749214947221e-01 -6.382090411804078656e+00 6.719685831695468181e+00 -2.118907595077761830e+00 -3.728015625780430220e+00 -4.354669451452931606e-01 5.016360319539775681e+00 1.432005209209487262e+00 -3.804882681355224339e+00 -6.683644501263918958e-01
5.880239949970438507e-16 2.201040602295489247e-15 3.530345299952372842e-15 4.475848811311216951e-16 -9.077295380159698034e-16 9.119534778378501170e-16 1.975708481421750391e-15 -7.482563172670576841e-16 -1.305485137542062188e-15 3.169746585094328247e-16 -6.067760004308457524e-16 -1.187218295530227240e-15
